4 4 4053 85255 869500
4 3 3343 36372 865200
3 4 3923 85266 889000
5 5 4022 85262 910000
3 4 4116 85266 971226
4 5 4581 85266 1249000
3 4 2544 85262 799000
4 5 5524 85266 1698000
3 4 4229 85255 1749000
4 5 3550 85262 1500000
5 5 4829 85266 519200
4 4 3428 85255 1039000
5 3 5462 85266 799000
4 4 4021 85266 889000
5 5 4406 85266 700000
4 4 3721 85255 500000
5 3 3710 85331 740000
3 4 2748 85255 725000
5 4 4190 85255 1199000 
3 3.5 4143 85266 925000
3 3.5 4229 85255 1749000
6 6.5 5963 85262 1595000
3 3 2685 85255 799900
5 5 5677 85377 1375000
4 4.5 4031 85262 1345000
4 4 4954 85262 1290000
4 4.5 3550 85262 962500
5 4.5 4180 85266 875000
4 4 4464 85377 1650000
5 4.5 4829 85266 1199000
4 3.5 4732 85266 1289000
4 3.5 3428 85255 1039000
4 4.5 3999 85255 1250000
3 3.5 2873 85262 1695000
4 4 3260 85377 999000
3 4.5 3893 85255 1294000
5 5.5 3932 85262 1089000
3 3.5 2792 85255 799900
3 4.5 4228 85255 1229000
